-2.174938214864154951e+00
-4.244133941194027315e+00
-6.317930202420362740e+00
-8.393295889782972807e+00
-1.046932163658850534e+01
-1.254566729108191581e+01
-1.462218352449930059e+01
-1.669879733466066796e+01
-1.877546981401235726e+01
-2.085217892597836453e+01
-2.292891161792756805e+01
-2.500565959845673447e+01
-2.708241813477076576e+01
-2.915918365778317778e+01
-3.123595398259992351e+01
-3.331272761106264824e+01
-3.538950348130694579e+01
-3.746628095613012732e+01
-3.954305952626980059e+01
-4.161983885499704172e+01
