-2.131001651266095198e+00
-4.155188506591102282e+00
-6.183549917894524128e+00
-8.213343039460891504e+00
-1.024372939253048287e+01
-1.227439386740474703e+01
-1.430519907306694449e+01
-1.633607882749350892e+01
-1.836699900396681073e+01
-2.039794116444018357e+01
-2.242889503458036415e+01
-2.445985478467407859e+01
-2.649081708626761156e+01
-2.852178005175997555e+01
-3.055274263611218544e+01
-3.258370429055111117e+01
-3.461466475834694734e+01
-3.664562395269840067e+01
-3.867658188340092806e+01
-4.070753861251338890e+01
