-2.142515384838852288e+00
-4.159999732069522338e+00
-6.183578702341946176e+00
-8.209789349822925075e+00
-1.023742431361153038e+01
-1.226593425110742075e+01
-1.429502728669137568e+01
-1.632453232353701367e+01
-1.835434223121681896e+01
-2.038438682357471876e+01
-2.241461879353068554e+01
-2.444500552621126133e+01
-2.647552550703042229e+01
-2.850616439341101227e+01
-3.053691346598571599e+01
-3.256776809582622434e+01
-3.459872599043342234e+01
-3.662978544650513868e+01
-3.866094239072921823e+01
-4.069218762943395262e+01
