-2.547784615634974870e+01
-2.546845589043954305e+01
-2.547086962788884179e+01
-2.547177997240310177e+01
-2.547008105732088978e+01
-2.546732049133789744e+01
-2.546886250519916217e+01
-2.546835223370703716e+01
-2.546836426220778904e+01
-2.546934376106363374e+01
-2.546966090267173044e+01
-2.547089784665896062e+01
-2.546885249760705605e+01
-2.546966996529198468e+01
-2.546836982650698644e+01
-2.546967737396319009e+01
-2.547010372689901914e+01
-2.547018672371536496e+01
-2.547033380840820982e+01
-2.547072487937720098e+01
-2.546734444040477641e+01
-2.546772527303751588e+01
-2.546796203752655074e+01
-2.546820479455486819e+01
-2.546733787836178564e+01
-2.546767207418466583e+01
-2.546400731166644604e+01
-2.546332182575752512e+01
-2.546256537629191996e+01
-2.546251816473243679e+01
-2.546242064627997692e+01
-2.546255211161113863e+01
-2.546230254337892518e+01
-2.546251766529704241e+01
-2.546253894950458729e+01
-2.546306434227069460e+01
-2.546088394786105980e+01
-2.546089623788169476e+01
-2.546131108346390803e+01
-2.546066199713680334e+01
-2.546100332804023481e+01
-2.546115971831801872e+01
-2.546149899259460625e+01
-2.546162280017678015e+01
-2.546208536216991547e+01
-2.546231476910804403e+01
-2.546252322859914941e+01
-2.546249336520182283e+01
-2.546305160963399672e+01
-2.546318651682708989e+01
-2.546267905243693264e+01
-2.546285120222192333e+01
-2.546244562372618248e+01
-2.546212198959485207e+01
-2.546230250036241571e+01
-2.546234068085139413e+01
-2.546189071771945933e+01
-2.546151551619944442e+01
-2.546147075034725304e+01
-2.546142676986277209e+01
-2.546140044372200606e+01
-2.546136870613270275e+01
-2.546116067693664320e+01
-2.546131980185155186e+01
-2.546111485292704302e+01
-2.546131390616492496e+01
-2.546160501744901339e+01
-2.546182528576941806e+01
-2.546200328518402500e+01
-2.546222256096059411e+01
-2.546237769059631972e+01
-2.546165792871959610e+01
-2.546109368994626010e+01
-2.545985030549688233e+01
-2.545991091878869028e+01
-2.545964883650308153e+01
-2.545979827957325625e+01
-2.545996671539167622e+01
-2.546010297764834363e+01
-2.546030773364078570e+01
-2.546046377853217280e+01
-2.546057104758809686e+01
-2.546069689224714949e+01
-2.546076147657233690e+01
-2.546091119077712506e+01
-2.546100679886031770e+01
-2.546101953103909210e+01
-2.546075235570992490e+01
-2.546079805946428820e+01
-2.546059131417857913e+01
-2.546065073446593274e+01
-2.546095303639815910e+01
-2.546115382545145067e+01
-2.546053805709355444e+01
-2.546040066026889193e+01
-2.546044279217842998e+01
-2.546046796539811652e+01
-2.546056440061113690e+01
-2.546085990730134796e+01
-2.546097051159779667e+01
-2.546108625058082708e+01
-2.546116239565247241e+01
-2.546123762159932014e+01
-2.546104224984800624e+01
-2.546090521449099242e+01
-2.546075872093758363e+01
-2.546066161181154186e+01
-2.546078723956044954e+01
-2.546091828668913237e+01
-2.546111430859568969e+01
-2.546109975930812297e+01
-2.546117916022809169e+01
-2.546124811284796863e+01
-2.546122956208505528e+01
-2.546130929366448115e+01
-2.546107499295878540e+01
-2.546107271235664271e+01
-2.546116807901666590e+01
-2.546130688315674817e+01
-2.546124457392267715e+01
-2.546129089604406204e+01
-2.546133199889779419e+01
-2.546120869231485528e+01
-2.546131233896713297e+01
-2.546132889489656392e+01
-2.546141885056317733e+01
-2.546125318615622746e+01
-2.546128241690702509e+01
-2.546116178015046216e+01
-2.546095953814336710e+01
-2.546095672298917734e+01
-2.546038851651510626e+01
-2.546042780767753655e+01
-2.546021893244972034e+01
-2.546029261186322401e+01
-2.546014011836103563e+01
-2.546026135466486906e+01
-2.546006128910310551e+01
-2.546020856890440598e+01
-2.546011482208173504e+01
-2.546029152756149116e+01
-2.546011521743047012e+01
-2.546017521548444762e+01
-2.546026747189901940e+01
-2.546023328988203716e+01
-2.546029311277915497e+01
-2.546045716657015134e+01
-2.546062307516723777e+01
-2.546064996792787838e+01
-2.546075243030210800e+01
-2.546067105503846406e+01
-2.546075997930551083e+01
-2.546092129958916317e+01
-2.546099046527080390e+01
-2.546105103697509975e+01
-2.546104518844161646e+01
-2.546092003524751135e+01
-2.546082061886864878e+01
-2.546078436335118411e+01
-2.546086353091795829e+01
-2.546089788485692651e+01
-2.546079845733452629e+01
-2.546082543564906331e+01
-2.546077007698023564e+01
-2.546084009250786906e+01
-2.546076096644537756e+01
-2.546071136157738124e+01
-2.546068484148667110e+01
-2.546076178385443001e+01
-2.546069811468101562e+01
-2.546069251886654072e+01
-2.546071570557407071e+01
-2.546058220142283446e+01
-2.546061934411237360e+01
-2.546067964576481657e+01
-2.546067186860642906e+01
-2.546063462713269132e+01
-2.546048980451810095e+01
-2.546056150636841764e+01
-2.546063896536746896e+01
-2.546050427307536168e+01
-2.545989990972350014e+01
-2.545978631626065791e+01
-2.545973893482321415e+01
-2.545955115399637947e+01
-2.545939983808321116e+01
-2.545939794828636238e+01
-2.545942415470459608e+01
-2.545947847181366441e+01
-2.545945756798368009e+01
-2.545953721004887527e+01
-2.545960985552760292e+01
-2.545970046948841414e+01
-2.545968034829903104e+01
-2.545969751017576854e+01
-2.545973787394979482e+01
-2.545979044506165678e+01
-2.545972150886667507e+01
-2.545971674834500220e+01
-2.545976280252117263e+01
-2.545952083078308803e+01
-2.545949379111968369e+01
-2.545952347230364765e+01
-2.545941185430004339e+01
-2.545948444016239520e+01
-2.545960361918635684e+01
-2.545962552300222370e+01
-2.545962126678891480e+01
-2.545980678032701761e+01
-2.545986110410645153e+01
-2.545990953458175809e+01
-2.545996931119521633e+01
-2.545995688758667441e+01
-2.545999865398133366e+01
-2.546001518435582511e+01
-2.546007304832678741e+01
-2.546011002859969707e+01
-2.546006162052979604e+01
-2.546012260649547443e+01
-2.546013624082027960e+01
-2.546001113988110376e+01
-2.546002340948411913e+01
-2.546003973356431871e+01
-2.546005740293670883e+01
-2.546010281202240932e+01
-2.546006463520559038e+01
-2.546017025440878712e+01
-2.546021907020548625e+01
-2.546018164787123794e+01
-2.546023886660557878e+01
-2.545990009804331677e+01
-2.545998154432085059e+01
-2.546000172855954347e+01
-2.546004777598356839e+01
-2.546003316106210690e+01
-2.546011946860551944e+01
-2.546011922409974915e+01
-2.546015477381651237e+01
-2.546016539633066245e+01
-2.546023383681181329e+01
-2.546025474721581006e+01
-2.546036744706762533e+01
-2.546041765814959845e+01
-2.546041130818086984e+01
-2.546030772598749792e+01
-2.546027927814572678e+01
-2.546033497574833859e+01
-2.546038350552516505e+01
-2.546044031650465200e+01
-2.546049792200787110e+01
-2.546046030071429556e+01
-2.546052131240908878e+01
-2.546042274646044135e+01
-2.546036113888774466e+01
-2.546024114751250167e+01
-2.546033660805247933e+01
-2.546032243292952657e+01
-2.546039165066378018e+01
-2.546043526505599175e+01
-2.546045946691310391e+01
-2.546041997423347780e+01
-2.546039709340917767e+01
-2.546028560928298035e+01
-2.546036355928805861e+01
-2.546037565993734475e+01
-2.546045633703526789e+01
-2.546046512815329876e+01
-2.546041212287763855e+01
-2.546035650288948204e+01
-2.546040643338915643e+01
-2.546046383839160043e+01
-2.546047038255333206e+01
-2.546046694511183262e+01
-2.546029889493052423e+01
-2.546035127753930283e+01
-2.546037239225942272e+01
-2.546025062964398700e+01
-2.546019646049820295e+01
-2.546029107985337347e+01
-2.546018190930887570e+01
-2.546020014896255290e+01
-2.546017154022996820e+01
-2.546019232481584993e+01
-2.546033044716618932e+01
-2.546022581545023300e+01
-2.546025215772522543e+01
-2.546031316816735668e+01
-2.546021728458055122e+01
-2.546026927808115659e+01
-2.546030117774380486e+01
-2.546034459974485387e+01
-2.546016811797484891e+01
-2.546012091046067738e+01
-2.546004988694992122e+01
-2.546005928949319141e+01
-2.546007531937679857e+01
-2.546004348212519730e+01
-2.546012348900497813e+01
-2.546010357585232953e+01
-2.546009058453468299e+01
-2.545991361224800897e+01
-2.545992865604431188e+01
-2.545997867961753158e+01
-2.545981672889957537e+01
-2.545989706593734425e+01
-2.545996762706600336e+01
-2.546001557394870929e+01
-2.546005670249034125e+01
-2.546002977928690925e+01
-2.546004980514925720e+01
-2.545994968885720056e+01
-2.545988085053128458e+01
-2.545967958316125035e+01
-2.545973655838540850e+01
-2.545977984929699645e+01
-2.545981401892296603e+01
-2.545987548619345020e+01
-2.545987430846117405e+01
-2.545989978587305913e+01
-2.545993572456343301e+01
-2.545991346222717766e+01
-2.545988983120521354e+01
-2.545994142095921120e+01
-2.545979351974153460e+01
-2.545982694052075956e+01
-2.545993539859680865e+01
-2.545991825093881999e+01
-2.545997338322524328e+01
-2.545992832922608073e+01
-2.545997027739801766e+01
-2.545989414051578237e+01
-2.545992423830707807e+01
-2.545990220648691249e+01
-2.545989771616871877e+01
-2.545992634475310723e+01
-2.545999428648586971e+01
-2.545994859186300729e+01
-2.545993947355784570e+01
-2.545979625421106007e+01
-2.545968129199270180e+01
-2.545970233276882766e+01
-2.545956495878139236e+01
-2.545961424840461618e+01
-2.545960866214303309e+01
-2.545965103472924440e+01
-2.545968481084412005e+01
-2.545967550801749013e+01
-2.545961122361793016e+01
-2.545959707315941145e+01
-2.545964584553377108e+01
-2.545968359379838120e+01
-2.545969865221692530e+01
-2.545971296743815770e+01
-2.545965310608249155e+01
-2.545967333317992143e+01
-2.545970681558666371e+01
-2.545975099490413385e+01
-2.545979114624817541e+01
-2.545983108119002125e+01
-2.545974928780155366e+01
-2.545979390994286362e+01
-2.545981026831097793e+01
-2.545979611466243142e+01
-2.545980700674592612e+01
-2.545975419021352337e+01
-2.545966224790548793e+01
-2.545967306969726351e+01
-2.545961873501437367e+01
-2.545949893335082947e+01
-2.545955999819610582e+01
-2.545960635416858153e+01
-2.545966665073540725e+01
-2.545970909366078772e+01
-2.545973539794265150e+01
-2.545960882509506007e+01
-2.545965150573624314e+01
-2.545968826781016503e+01
-2.545971476812134071e+01
-2.545975814683924909e+01
-2.545948559199584693e+01
-2.545951051210631277e+01
-2.545934981799220154e+01
-2.545937019405752721e+01
-2.545938458861919074e+01
-2.545941545238529358e+01
-2.545945176992016101e+01
-2.545943037409063336e+01
-2.545945408477948746e+01
-2.545946653448225661e+01
-2.545943791222228114e+01
-2.545945185461648919e+01
-2.545951731580166566e+01
-2.545953910757967620e+01
-2.545958773615033977e+01
-2.545942770322415427e+01
-2.545945400803744008e+01
-2.545947226891394877e+01
-2.545942707734358024e+01
-2.545946555522161603e+01
-2.545945005288539065e+01
