9.438581020897254348e+01
9.356460791709832847e+01
9.284622374991886318e+01
9.252146254130639136e+01
9.341679029213264585e+01
9.475858783163130283e+01
9.255258175008930266e+01
9.358117116731591523e+01
9.332567199994809926e+01
9.280568841611966491e+01
9.407555291708558798e+01
9.421705100010149181e+01
9.438396074972115457e+01
9.344637104100547731e+01
9.425537158409133554e+01
9.369800379197113216e+01
9.224817624990828335e+01
9.421736524975858629e+01
9.292353312508203089e+01
9.333198187616653740e+01
9.373275220883078873e+01
9.447188083408400416e+01
9.362155125034041703e+01
9.238722070818766952e+01
9.321704016812145710e+01
9.383358504110947251e+01
9.461063675023615360e+01
9.283017312479205430e+01
9.471318754111416638e+01
9.273414175026118755e+01
9.294789937487803400e+01
9.275973466620780528e+01
9.346052429196424782e+01
9.383070616703480482e+01
9.400980374892242253e+01
9.451896270923316479e+01
9.436288787494413555e+01
9.372745058382861316e+01
9.354298258293420076e+01
9.442610412603244185e+01
9.451443587383255363e+01
9.259288350003771484e+01
9.427485129190608859e+01
9.392136625107377768e+01
9.329082604194991291e+01
9.262006670888513327e+01
9.376209850097075105e+01
9.396705958223901689e+01
9.482267904095351696e+01
9.374429349973797798e+01
9.453470562491565943e+01
9.375875954213552177e+01
9.399218358402140439e+01
9.353178508416749537e+01
9.239825974986888468e+01
9.467310345685109496e+01
9.402276491699740291e+01
9.320606079115532339e+01
9.348763158405199647e+01
9.425209675007499754e+01
9.339732804102823138e+01
9.246640370925888419e+01
9.248233679076656699e+01
9.269541283324360847e+01
9.223014054191298783e+01
9.265966616617515683e+01
9.334644379117526114e+01
9.361483520804904401e+01
9.278920645755715668e+01
9.316255270922556520e+01
9.385747470892965794e+01
9.408448270801454782e+01
9.382432249980047345e+01
9.413526845886372030e+01
9.399939358420670033e+01
9.491697083390317857e+01
9.325490829139016569e+01
9.370944950007833540e+01
9.246165350126102567e+01
9.379762825113721192e+01
9.446968704205937684e+01
9.224847470829263330e+01
9.332023766706697643e+01
9.268740791571326554e+01
9.392459858418442309e+01
9.370174904167652130e+01
9.241656012483872473e+01
9.365329712536185980e+01
9.183453958272002637e+01
9.297005354100838304e+01
9.440290204086340964e+01
9.413189212488941848e+01
9.330718612507916987e+01
9.420673420862294734e+01
9.327434674999676645e+01
9.303929066704586148e+01
9.404686637595295906e+01
9.387049141689203680e+01
9.411244462523609400e+01
9.331415420910343528e+01
9.454425420914776623e+01
9.234285174985416234e+01
9.365584791591390967e+01
9.261900095921009779e+01
9.278374529094435275e+01
9.373636587616056204e+01
9.291486333380453289e+01
9.445654325000941753e+01
9.343372820760123432e+01
9.381479745777323842e+01
9.258532433398067951e+01
9.446795354178175330e+01
9.249605337483808398e+01
9.294263729196973145e+01
9.135090441699139774e+01
9.269395479094237089e+01
9.173618162493221462e+01
9.185108554339967668e+01
9.191221799910999835e+01
9.262727820919826627e+01
9.144117524987086654e+01
9.292325933324173093e+01
9.191376595897600055e+01
9.182231570803560317e+01
9.131264666677452624e+01
9.181175854080356658e+01
9.317349445889703929e+01
9.192770216567441821e+01
9.264668791810981929e+01
9.318371683405712247e+01
9.211502058384940028e+01
9.286875183391384780e+01
9.223647179175168276e+01
9.295758070703595877e+01
9.060894083185121417e+01
9.234950954187661409e+01
9.237498924997635186e+01
9.199403662513941526e+01
9.152146595809608698e+01
9.114802008424885571e+01
9.258204316766932607e+01
9.331241720891557634e+01
9.203521537501364946e+01
9.318563462374731898e+01
9.384756166581064463e+01
9.322226166725158691e+01
9.257724108267575502e+01
9.299597633373923600e+01
9.176306929136626422e+01
9.271989287598989904e+01
9.186329612485133111e+01
9.206138049904257059e+01
9.211858374881558120e+01
9.213612450100481510e+01
9.200132866692729294e+01
9.215228029084391892e+01
9.175308333290740848e+01
9.389085062593221664e+01
9.128950962494127452e+01
9.173663050122559071e+01
9.243901824881322682e+01
9.308177333325147629e+01
9.291037558321841061e+01
9.095157220913097262e+01
9.184232895867899060e+01
9.256943795806728303e+01
9.203164612525142729e+01
9.066404962493106723e+01
9.136884383205324411e+01
9.197377154184505343e+01
9.319183516618795693e+01
9.130788712599314749e+01
9.271796591626480222e+01
9.081729891779832542e+01
9.171849833289161325e+01
9.205201399908401072e+01
9.221828637504950166e+01
9.124222233309410512e+01
9.215911204088479280e+01
9.141613633418455720e+01
9.167903820821084082e+01
9.319854966690763831e+01
9.279372575110755861e+01
9.237957875011488795e+01
9.141020174999721348e+01
9.283883279096335173e+01
9.277530104201287031e+01
9.125472962507046759e+01
9.304801670927554369e+01
9.143498520809225738e+01
9.122282675094902515e+01
9.168089904217049479e+01
9.184720879304222763e+01
9.094269195781089365e+01
9.179965183394961059e+01
9.212065029214136302e+01
9.215744212525896728e+01
9.306610079202800989e+01
9.205201679188758135e+01
9.165134937386028469e+01
9.245049695926718414e+01
9.203536954289302230e+01
9.183749691722914577e+01
9.215250137494876981e+01
9.382328449911437929e+01
9.147884941613301635e+01
9.086548354197293520e+01
9.280548362527042627e+01
9.246256712498143315e+01
9.141100062499754131e+01
9.149388262466527522e+01
9.255347787518985569e+01
9.196664829179644585e+01
9.242272920906543732e+01
9.095550475013442338e+01
9.322342233196832240e+01
9.145561349997296929e+01
9.229224766604602337e+01
9.322218700009398162e+01
9.186078283307142556e+01
9.168867779080756009e+01
9.174576629116199911e+01
9.133176487474702299e+01
9.172557008196599782e+01
9.408298012381419539e+01
9.256247824872843921e+01
9.215447812411002815e+01
9.286760120908729732e+01
9.142607066710479558e+01
9.192586679104715586e+01
9.214942487422376871e+01
9.148756437469273806e+01
9.242337083304300904e+01
9.150819958397187293e+01
9.180782291688956320e+01
9.330126812495291233e+01
9.351607420807704329e+01
9.265250116609968245e+01
9.110892708413302898e+01
9.028411774872802198e+01
9.226074512489140034e+01
9.199684749986045063e+01
9.196878741797991097e+01
9.139166129101067781e+01
9.199825433408841491e+01
9.250092208315618336e+01
9.308066862518899143e+01
9.155873508285731077e+01
9.104790999996475875e+01
9.190779125015251338e+01
9.073002420901320875e+01
9.324080133321695030e+01
9.120360475010238588e+01
9.153075104067102075e+01
9.131656795786693692e+01
9.267857600003480911e+01
9.208957995683886111e+01
9.201552766631357372e+01
9.242316400120034814e+01
9.081612962507642806e+01
9.209183237375691533e+01
9.349299279088154435e+01
9.122714391583576798e+01
9.143682366609573364e+01
9.321616375097073615e+01
9.259346624976024032e+01
9.163190620765089989e+01
9.164002429088577628e+01
9.319467295682989061e+01
9.245358708314597607e+01
9.234605170879513025e+01
9.171432916703633964e+01
9.112541379127651453e+01
9.391727441665716469e+01
9.221445695823058486e+01
9.237213441589847207e+01
9.310239904117770493e+01
9.299753370904363692e+01
9.290780429122969508e+01
9.252502608392387629e+01
9.233436300000175834e+01
9.208912433311343193e+01
9.260175466723740101e+01
9.326866016793064773e+01
9.223276570928283036e+01
9.078086229111067951e+01
9.135528124985285103e+01
9.179461125005036592e+01
9.153576595871709287e+01
9.258968216693028808e+01
9.104256595810875297e+01
9.180158949969336390e+01
9.311013420787639916e+01
9.264001566614024341e+01
9.132768766582012177e+01
9.382332125119864941e+01
9.136619587475433946e+01
9.195115600014105439e+01
9.342614479083567858e+01
9.215472562517970800e+01
9.246335279103368521e+01
9.109522283286787570e+01
9.127926129219122231e+01
9.308156804298050702e+01
9.136603679205290973e+01
9.391829770780168474e+01
9.233688362594693899e+01
9.161857962491922081e+01
9.242436795891262591e+01
9.245020295912399888e+01
9.281358450022526085e+01
9.325159966805949807e+01
9.178682941710576415e+01
9.137631374993361533e+01
9.276353058405220509e+01
9.224129604105837643e+01
9.230216337507590652e+01
9.109105279180221260e+01
9.182825558376498520e+01
9.357541600102558732e+01
9.291911054099909961e+01
9.216037245886400342e+01
9.347452333313412964e+01
9.472136941598728299e+01
9.367620475031435490e+01
9.454012329084798694e+01
9.254662883281707764e+01
9.182664779084734619e+01
9.190992954210378230e+01
9.257736212480813265e+01
9.325999862491153181e+01
9.281776983267627656e+01
9.156297087483108044e+01
9.210661604208871722e+01
9.262736712372861803e+01
9.400680949911475182e+01
9.227215620782226324e+01
9.351616183435544372e+01
9.427848883392289281e+01
9.382207458396442235e+01
9.422884891717694700e+01
9.387124054110608995e+01
9.270611887471750379e+01
9.287881170911714435e+01
9.365546895796433091e+01
9.443124916707165539e+01
9.357516333321109414e+01
9.307169933407567441e+01
9.331783229135908186e+01
9.339107425115071237e+01
9.284896812471561134e+01
9.481103620911017060e+01
9.346591262519359589e+01
9.465000575012527406e+01
9.296215866692364216e+01
9.224668466625735164e+01
9.336507099913433194e+01
9.399128133291378617e+01
9.291983529226854444e+01
9.349121674918569624e+01
9.398560441727750003e+01
9.310618595872074366e+01
9.263774741580709815e+01
9.339075275114737451e+01
9.407616487541235983e+01
9.287358583416789770e+01
9.213046650076285005e+01
9.325252399989403784e+01
9.329579362599179149e+01
9.223447549995034933e+01
9.233756804186850786e+01
9.266265445877797902e+01
9.304123345878906548e+01
9.473692170786671340e+01
9.212025366630405188e+01
9.313284208416007459e+01
9.231906312517821789e+01
9.280466837389394641e+01
9.253550475114025176e+01
9.317607329227030277e+01
9.368004541681148112e+01
9.249812795803882182e+01
9.209516375022940338e+01
9.359658529283478856e+01
9.438666991679929197e+01
9.217165550077334046e+01
9.224218741711229086e+01
9.356758404173888266e+01
9.283564841607585549e+01
9.247013291693292558e+01
9.243471041671000421e+01
9.522387383389286697e+01
9.045727520715445280e+01
8.951445583417080343e+01
9.060988575010560453e+01
8.967359149921685457e+01
8.878263579099439085e+01
8.970364170800894499e+01
9.056067620776593685e+01
9.122341304225847125e+01
