-2.142515384799999811e+00
-4.159999732100000180e+00
-6.183578702300000174e+00
-8.209789349799999414e+00
-1.023742431360000005e+01
-1.226593425109999913e+01
-1.429502728669999989e+01
-1.632453232350000150e+01
-1.835434223120000041e+01
-2.038438682359999987e+01
-2.241461879350000075e+01
-2.444500552619999922e+01
-2.647552550700000040e+01
-2.850616439339999886e+01
-3.053691346600000145e+01
-3.256776809579999821e+01
-3.459872599039999841e+01
-3.662978544650000146e+01
-3.866094239070000071e+01
-4.069218762940000289e+01
