-2.131001651300000077e+00
-4.155188506600000053e+00
-6.183549917899999748e+00
-8.213343039499999776e+00
-1.024372939250000059e+01
-1.227439386740000060e+01
-1.430519907310000072e+01
-1.633607882749999973e+01
-1.836699900400000018e+01
-2.039794116439999883e+01
-2.242889503460000000e+01
-2.445985478469999919e+01
-2.649081708630000165e+01
-2.852178005180000042e+01
-3.055274263609999963e+01
-3.258370429059999651e+01
-3.461466475830000178e+01
-3.664562395269999939e+01
-3.867658188339999725e+01
-4.070753861250000227e+01
