-2.174938214900000055e+00
-4.244133941200000315e+00
-6.317930202400000361e+00
-8.393295889799999188e+00
-1.046932163660000015e+01
-1.254566729109999912e+01
-1.462218352450000047e+01
-1.669879733470000005e+01
-1.877546981400000092e+01
-2.085217892600000056e+01
-2.292891161789999899e+01
-2.500565959849999942e+01
-2.708241813480000104e+01
-2.915918365779999988e+01
-3.123595398260000167e+01
-3.331272761110000147e+01
-3.538950348129999668e+01
-3.746628095610000031e+01
-3.954305952629999865e+01
-4.161983885499999758e+01
