2.012958299997080758e-02
2.113583340000104727e-01
9.020013329999869711e-01
3.833438166000007641e+00
9.674323875000027328e+00
2.126828212499998472e+01
4.026461879200002159e+01
8.586865291599997363e+01
1.620591252500000223e+02
2.690781682909999972e+02
4.208531611659999498e+02
6.206452811249998831e+02
8.857450147080000988e+02
1.236818307374999677e+03
1.749419302415999482e+03
2.327460070375000214e+03
3.528788920458000575e+03
4.573630178749999686e+03
5.850787667333001082e+03
7.411561337166000158e+03
