2.927029200000674791e-02
1.177811249999933807e-01
7.614256250000011050e-01
3.358217707999997970e+00
8.980157874999989076e+00
2.717329866599999377e+01
1.069621408329999923e+02
2.453211521659999619e+02
4.905997455419999937e+02
8.612415500830001065e+02
1.451870285542000147e+03
2.593034942499999488e+03
4.291617535791999217e+03
6.847261519541998496e+03
1.069983376474999750e+04
1.582777541820799888e+04
2.278601450658300746e+04
3.197145225100000971e+04
4.297466267750000407e+04
5.878405128862499259e+04
