7.000000000000000000e+01
2.680000000000000000e+02
5.940000000000000000e+02
1.048000000000000000e+03
1.640000000000000000e+03
2.352000000000000000e+03
3.192000000000000000e+03
4.172000000000000000e+03
5.268000000000000000e+03
6.484000000000000000e+03
7.850000000000000000e+03
9.340000000000000000e+03
1.095800000000000000e+04
1.269800000000000000e+04
1.456200000000000000e+04
1.656000000000000000e+04
1.867800000000000000e+04
2.094000000000000000e+04
2.331400000000000000e+04
2.584000000000000000e+04
