4.400000000000000000e+01
2.160000000000000000e+02
5.160000000000000000e+02
9.440000000000000000e+02
1.500000000000000000e+03
2.184000000000000000e+03
2.996000000000000000e+03
3.948000000000000000e+03
5.016000000000000000e+03
6.204000000000000000e+03
7.542000000000000000e+03
9.004000000000000000e+03
1.059400000000000000e+04
1.230600000000000000e+04
1.414200000000000000e+04
1.611200000000000000e+04
1.820200000000000000e+04
2.043600000000000000e+04
2.278200000000000000e+04
2.528000000000000000e+04
